0.5413199762503306
0.19612636665503183
0.1504739373922348
0.1361430585384369
0.11606963723897934
0.10495164493719737
0.09990785270929337
0.09433158735434215
0.08902068932851155
0.0834719513853391
0.07666669289271037
0.07350631058216095
0.07358203579982121
0.06934406359990437
0.06878006954987843
0.06206520770986875
0.060015288492043815
0.06234819938739141
0.058007250229517617
0.05688042193651199
0.05745124320189158
0.05515474329392115
0.05161912739276886
0.05117269108692805
0.051707349717617035
0.04973053808013598
0.04982658475637436
0.048275191336870193
0.04809775079290072
0.04657966271042824
0.04593860978881518
0.04613323758045832
0.043969474732875824
0.04315610229969025
0.04297813524802526
0.040634289383888245
0.04094367350141207
0.041310676683982216
0.03940457726518313
0.039608502139647804
0.039428018033504486
0.0389194389184316
0.03911024332046509
0.03845502808690071
0.03799529125293096
0.0375002125898997
0.036248950908581413
0.03657182306051254
0.03540221850077311
0.035687862584988274
0.034691895047823586
0.03338391954700152
0.03523858015735944
0.03511178741852442
0.033549077808856964
0.03442437636355559
0.032769406835238137
0.03317513316869736
0.032900357618927956
0.03325815871357918
0.033517530808846153
0.03292737031976382
0.032610658556222916
0.03317593038082123
0.03108851859966914
0.03302061619857947
0.030864698812365532
0.031223245585958164
0.03191303523878256
0.031885736932357155
0.030232298498352368
0.030789043754339218
0.031181171536445618
0.032634975388646126
0.030593775833646458
0.030429278189937275
0.03144818420211474
0.02929769332210223
0.031208773454030354
0.028989096482594807
0.031202793742219608
0.030553075795372326
0.030955857907732327
0.030617825066049893
0.03089839220046997
0.029594761009017628
0.030005967244505882
0.03135357735057672
0.03043404035270214
0.02964779982964198
0.03101598285138607
0.02943687078853448
0.029657916476329167
0.030484425524870556
0.02985786832869053
0.02988375723361969
0.02924059269328912
0.02944717121620973
0.029597468053301174
0.03075900798042615
