0.5555049777030945
0.17036134004592896
0.14240560432275137
0.11125548432270686
0.09963767727216084
0.0930310587088267
0.08246390024820964
0.07400913536548615
0.06852778668204944
0.06439995393157005
0.06165890395641327
0.05897674709558487
0.05533137544989586
0.05292298768957456
0.05182237798968951
0.04966109121839205
0.0478943424920241
0.04745040709773699
0.04461478814482689
0.042105731864770256
0.04331091667215029
0.041321380684773125
0.04144512489438057
0.03861799339453379
0.036340722193320595
0.037210473169883095
0.037484776228666306
0.0356263592839241
0.035021708657344185
0.036544013768434525
0.03370384002725283
0.0351772370437781
0.03350727632641792
0.032487230375409126
0.033942551662524544
0.03197652163604895
0.0316801822433869
0.03184547275304794
0.031237573673327763
0.030642841011285782
0.030185073614120483
0.029499099900325138
0.029910178234179814
0.02861210269232591
0.027809702480832737
0.029361285269260406
0.02760400374730428
0.027840111404657364
0.028689259042342503
0.027047276496887207
0.027217467005054157
0.026371290907263756
0.026454522584875424
0.025654297942916553
0.025457883874575298
0.02517077575127284
0.025709471975763638
0.024519165356953938
0.02405492775142193
0.02506186751027902
0.023861076061924297
0.023509951929251354
0.02364821856220563
0.02378046636780103
0.024156440049409866
0.024745475500822067
0.023412862792611122
0.023740610107779503
0.023737373451391857
0.02393810699383418
0.023006844023863476
0.02454343003531297
0.023250137145320576
0.023430049419403076
0.02333398846288522
0.0220879465341568
0.023452116176486015
0.02308299019932747
0.023050586382548015
0.022961072623729706
0.022481373821695644
0.021677084888021152
0.021548720076680183
0.024194770803054173
0.022540402909119923
0.022815996780991554
0.022665756444136303
0.022802649686733883
0.023251133039593697
0.021758848801255226
0.022264773026108742
0.022763924052317936
0.02316178133090337
0.022584591681758564
0.022524630029996235
0.022172349815567333
0.022567367181181908
0.021525150785843532
0.022064533705512684
0.022130021825432777
