0.5329038798809052
0.1885773887236913
0.14650165537993112
0.13135593632857004
0.11550319194793701
0.10111426065365474
0.09579022725423177
0.08958460887273152
0.08665186911821365
0.08172063777844112
0.07580782224734624
0.07194733122984569
0.07199110835790634
0.0676603193084399
0.06669916709264119
0.06005144491791725
0.059653194000323616
0.060555449376503624
0.05690959841012955
0.0557204099992911
0.056355937073628105
0.05396423861384392
0.05138727277517319
0.04966647922992706
0.05074270317951838
0.04904334122935931
0.04830677186449369
0.0479822022219499
0.04773338884115219
0.04595486571391424
0.04536069929599762
0.04597318917512894
0.04299067581693331
0.04246419668197632
0.04264305159449577
0.039888039231300354
0.04042997335394224
0.040782567113637924
0.03920325761040052
0.039165755112965904
0.03888459255297979
0.03868189950784048
0.03838179508845011
0.03740763415892919
0.03707596038778623
0.037052166958649956
0.03574792295694351
0.03625656416018804
0.03511605225503445
0.03544831772645315
0.03403527041276296
0.03265944619973501
0.03436373546719551
0.03460926190018654
0.03335205838084221
0.03402311479051908
0.03238926827907562
0.0330312525232633
0.032539863139390945
0.032823190093040466
0.03315730392932892
0.032585772996147476
0.03184532249967257
0.0323763582855463
0.030941840261220932
0.0329328328371048
0.03055558664103349
0.031385828430453934
0.03148737860222658
0.03163448783258597
0.029891742393374443
0.02992595297594865
0.030755832170446713
0.03184175863862038
0.030084130664666493
0.03015361912548542
0.030957389002044994
0.029137541229526203
0.031056006749471027
0.028594122578700382
0.03084549494087696
0.03054998318354289
0.030450639004508655
0.03019321585694949
0.030394045636057854
0.029075341299176216
0.0295865461230278
0.03142315149307251
0.030601602668563526
0.029566604644060135
0.030286448076367378
0.029332896694540977
0.02908058154086272
0.030188656101624172
0.02922413932780425
0.029809992760419846
0.02877929558356603
0.02884410445888837
0.029219929749766987
0.030137252683440845
