0.4101124157508214
0.1282259946068128
0.13300988574822745
0.09171075622240703
0.08441458642482758
0.060605513552824654
0.04424723113576571
0.04292935753862063
0.041646710286537804
0.03283426413933436
0.029808228214581806
0.026820072904229164
0.0244681549568971
0.024186524252096813
0.021770792702833813
0.02056569295624892
0.018489635239044826
0.017544055357575417
0.01653771350781123
0.015597448994716009
0.015830027560393017
0.014984425778190294
0.014434976813693842
0.013578458999594053
0.013055010077853998
0.012827307606736818
0.011724179610610008
0.011361517012119293
0.011714426490167776
0.01105275129278501
0.010876890271902084
0.010397170359889666
0.009944322208563486
0.01010358426719904
0.009760199425121149
0.009422441013157368
0.009583694860339165
0.008839787915349007
0.008713468443602324
0.009361104108393192
0.00824975703532497
0.007801419279227654
0.007637524977326393
0.007642578644057115
0.007141026357809703
0.006962928144882123
0.007157329159478347
0.006697197910398245
0.006512149702757597
0.0065956890272597475
0.006167161899308364
0.006015407387167215
0.00568502489477396
0.00570255999142925
0.0058171991258859634
0.0058324091757337255
0.005802062805742025
0.005203267404188712
0.005240887403488159
0.005236988887190819
0.005317380651831627
0.004544262929509084
0.00532465319459637
0.004523562733083963
0.005062663462013006
0.00473129004240036
0.004513186402618885
0.004769099100182454
0.004422171817471583
0.004536026467879613
0.00438461786446472
0.004450938897207379
0.0043837272096425295
0.004332083665455381
0.003840595716610551
0.003967559120307366
0.003687007507930199
0.0036607954340676465
0.003437043478091558
0.003605286435534557
0.0035302748437970877
0.0031133869973321757
0.0032904429050783315
0.0031722172473867736
0.0030448478646576405
0.003075793075064818
0.00324099735977749
0.003364431206136942
0.0029213197994977236
0.00313473935239017
0.002716594530890385
0.0029230721605320773
0.0028014093016584716
0.002595227910205722
0.0025988101648787656
0.0026306118816137314
0.002513681926454107
0.0024394530337303877
0.0023977543072154126
0.002185722424959143
